     2     0   -187.69527962     -4.32051205      0.00208051      0.00624153
     2     0   -187.69527962     -2.93207296      0.00017847      0.00053540
     2     0   -187.69527962     -1.31761477      0.00167359      0.00502077
     2     0   -187.69527962      0.21491673      0.06694218      0.20082655
     2     0   -187.69527962      4.50713925      0.00371453      0.01114359
     2     0   -185.82369649     -2.44892892      0.01236379      0.03709138
     2     0   -185.82369649     -1.06048983      0.42533157      1.27599471
     2     0   -185.82369649      0.55396836      0.20163744      0.60491231
     2     0   -185.82369649      2.08649986      0.05929588      0.17788765
     2     0   -185.82369649      6.37872237      0.12051332      0.36153997
     2     2   -185.82369649      1.87158313      0.00018046      0.00018046
     2     0   -184.64907178     -1.27430421      0.08220703      0.24662110
     2     0   -184.64907178      0.11413488      0.00638683      0.01916050
     2     0   -184.64907178      1.72859307      0.00369222      0.01107666
     2     0   -184.64907178      3.26112457      0.07956357      0.23869071
     2     0   -184.64907178      7.55334709      0.01332220      0.03996659
     2     2   -184.64907178      1.17462471      0.01272085      0.01272085
     2     2   -184.64907178      3.04620784      0.01871095      0.01871095
     2     0   -183.30973988      0.06502768      0.11377593      0.34132780
     2     0   -183.30973988      1.45346677      0.01214221      0.03642664
     2     0   -183.30973988      3.06792497      0.02158742      0.06476226
     2     0   -183.30973988      4.60045646      0.00588086      0.01764258
     2     0   -183.30973988      8.89267898      0.01288711      0.03866134
     2     2   -183.30973988      1.33933189      0.02361994      0.02361994
     2     2   -183.30973988      2.51395661      0.01383021      0.01383021
     2     2   -183.30973988      4.38553973      0.09902530      0.09902530
     2     0   -182.72981135      0.64495622      0.07800177      0.23400530
     2     0   -182.72981135      2.03339531      0.00399659      0.01198978
     2     0   -182.72981135      3.64785350      0.04419056      0.13257169
     2     0   -182.72981135      5.18038500      0.00008080      0.00024241
     2     0   -182.72981135      9.47260751      0.11430732      0.34292195
     2     2   -182.72981135      0.57992853      0.00301055      0.00301055
     2     2   -182.72981135      1.91926043      0.04168711      0.04168711
     2     2   -182.72981135      3.09388514      0.00081487      0.00081487
     2     2   -182.72981135      4.96546827      0.01637575      0.01637575
     4     2   -190.15049638     -7.42068503      0.00124690      0.00207817
     4     2   -190.15049638     -6.84075650      0.05169492      0.08615820
     4     2   -190.15049638     -5.50142460      0.00000690      0.00001151
     4     2   -190.15049638     -4.32679989      0.00017747      0.00029579
     4     2   -190.15049638     -2.45521677      0.10050102      0.16750170
     4     2   -188.50340474     -5.77359339      0.04456756      0.07427927
     4     2   -188.50340474     -5.19366486      0.00373117      0.00621862
     4     2   -188.50340474     -3.85433296      0.03543279      0.05905465
     4     2   -188.50340474     -2.67970825      0.00028990      0.00048317
     4     2   -188.50340474     -0.80812512      0.20193919      0.33656532
     4     4   -188.50340474      1.64709164      0.33115821      0.33115821
     4     2   -187.37083177     -4.64102042      0.01170680      0.01951134
     4     2   -187.37083177     -4.06109189      0.09889707      0.16482846
     4     2   -187.37083177     -2.72176000      0.23065563      0.38442604
     4     2   -187.37083177     -1.54713528      0.03466258      0.05777097
     4     2   -187.37083177      0.32444784      0.00293925      0.00489875
     4     4   -187.37083177      1.13257297      0.12222476      0.12222476
     4     4   -187.37083177      2.77966461      0.00915110      0.00915110
     4     2   -186.12030357     -3.39049223      0.04219459      0.07032432
     4     2   -186.12030357     -2.81056369      0.01291975      0.02153291
     4     2   -186.12030357     -1.47123180      0.03483779      0.05806299
     4     2   -186.12030357     -0.29660709      0.03708309      0.06180514
     4     2   -186.12030357      1.57497604      0.00869577      0.01449295
     4     4   -186.12030357      1.25052820      0.01346729      0.01346729
     4     4   -186.12030357      2.38310116      0.00120480      0.00120480
     4     4   -186.12030357      4.03019281      0.01997454      0.01997454
     4     2   -185.65589638     -2.92608503      0.00049861      0.00083101
     4     2   -185.65589638     -2.34615649      0.00818807      0.01364678
     4     2   -185.65589638     -1.00682460      0.00403965      0.00673275
     4     2   -185.65589638      0.16780011      0.00449194      0.00748656
     4     2   -185.65589638      2.03938324      0.01829020      0.03048367
     4     4   -185.65589638      0.46440720      0.02757785      0.02757785
     4     4   -185.65589638      1.71493540      0.22768360      0.22768360
     4     4   -185.65589638      2.84750836      0.12724587      0.12724587
     4     4   -185.65589638      4.49460000      0.06215347      0.06215347
     6     4   -186.85273181     -1.19683543      0.00928931      0.01300504
     6     4   -186.85273181     -0.73242824      0.02486833      0.03481567
     6     4   -186.85273181      0.51809996      0.26206078      0.36688509
     6     4   -186.85273181      1.65067293      0.06628974      0.09280563
     6     4   -186.85273181      3.29776457      0.08696025      0.12174435
     6     4   -186.15772409     -0.50182771      0.00109384      0.00153138
     6     4   -186.15772409     -0.03742051      0.02202237      0.03083132
     6     4   -186.15772409      1.21310768      0.03761220      0.05265708
     6     4   -186.15772409      2.34568065      0.00401670      0.00562338
     6     4   -186.15772409      3.99277229      0.00011733      0.00016426
     6     6   -186.15772409      0.69500772      0.72889181      0.72889181
     6     4   -185.16669725      0.48919912      0.00914927      0.01280898
     6     4   -185.16669725      0.95360632      0.02534527      0.03548338
     6     4   -185.16669725      2.20413452      0.04318487      0.06045882
     6     4   -185.16669725      3.33670748      0.01818420      0.02545788
     6     4   -185.16669725      4.98379913      0.03860256      0.05404359
     6     6   -185.16669725      0.99102683      0.14741189      0.14741189
     6     6   -185.16669725      1.68603456      0.02500750      0.02500750
     6     4   -184.97150386      0.68439252      0.06379570      0.08931398
     6     4   -184.97150386      1.14879971      0.05334022      0.07467631
     6     4   -184.97150386      2.39932791      0.00198064      0.00277289
     6     4   -184.97150386      3.53190088      0.02448591      0.03428027
     6     4   -184.97150386      5.17899252      0.00533418      0.00746785
     6     6   -184.97150386      0.19519339      0.25968632      0.25968632
     6     6   -184.97150386      1.18622023      0.38801796      0.38801796
     6     6   -184.97150386      1.88122795      0.18335171      0.18335171
     6     4   -184.49521561      1.16068076      0.01884573      0.02638402
     6     4   -184.49521561      1.62508796      0.02685853      0.03760194
     6     4   -184.49521561      2.87561616      0.00000916      0.00001282
     6     4   -184.49521561      4.00818913      0.00910946      0.01275325
     6     4   -184.49521561      5.65528077      0.00650481      0.00910674
     6     6   -184.49521561      0.47628825      0.08123339      0.08123339
     6     6   -184.49521561      0.67148164      0.04039905      0.04039905
     6     6   -184.49521561      1.66250848      0.12340743      0.12340743
     6     6   -184.49521561      2.35751620      0.12789147      0.12789147
     8     6   -188.51338214     -4.01816653      0.00068642      0.00088255
     8     6   -188.51338214     -3.54187828      0.01196432      0.01538270
     8     6   -188.51338214     -3.34668489      0.01978135      0.02543316
     8     6   -188.51338214     -2.35565806      0.01784588      0.02294471
     8     6   -188.51338214     -1.66065033      0.14366758      0.18471546
     8     6   -186.82281937     -2.32760376      0.02780709      0.03575197
     8     6   -186.82281937     -1.85131551      0.10291043      0.13231342
     8     6   -186.82281937     -1.65612212      0.05429263      0.06980481
     8     6   -186.82281937     -0.66509529      0.05655346      0.07271160
     8     6   -186.82281937      0.02991244      0.12092214      0.15547132
     8     8   -186.82281937      1.69056277      0.08213037      0.08213037
     8     6   -184.87261817     -0.37740256      0.00369775      0.00475425
     8     6   -184.87261817      0.09888569      0.00334024      0.00429460
     8     6   -184.87261817      0.29407908      0.12841708      0.16510767
     8     6   -184.87261817      1.28510591      0.01298432      0.01669413
     8     6   -184.87261817      1.98011364      0.10264514      0.13197232
     8     8   -184.87261817      1.95020120      0.30080563      0.30080563
     8     8   -184.87261817      3.64076397      0.11531486      0.11531486
     8     6   -184.32844180      0.16677381      0.00220186      0.00283097
     8     6   -184.32844180      0.64306206      0.07440515      0.09566376
     8     6   -184.32844180      0.83825545      0.05672605      0.07293349
     8     6   -184.32844180      1.82928229      0.00000002      0.00000002
     8     6   -184.32844180      2.52429001      0.00638808      0.00821325
     8     8   -184.32844180      0.54417637      0.10013192      0.10013192
     8     8   -184.32844180      2.49437757      0.00010703      0.00010703
     8     8   -184.32844180      4.18494034      0.00807216      0.00807216
     8     6   -184.18716321      0.30805240      0.00656753      0.00844397
     8     6   -184.18716321      0.78434065      0.01525508      0.01961368
     8     6   -184.18716321      0.97953404      0.05022449      0.06457435
     8     6   -184.18716321      1.97056087      0.00008940      0.00011495
     8     6   -184.18716321      2.66556860      0.00057907      0.00074452
     8     8   -184.18716321      0.14127859      0.00801231      0.00801231
     8     8   -184.18716321      0.68545496      0.02674075      0.02674075
     8     8   -184.18716321      2.63565616      0.04585024      0.04585024
     8     8   -184.18716321      4.32621893      0.00362587      0.00362587
    10     8   -184.37923344     -0.19207023      0.11058713      0.13516205
    10     8   -184.37923344     -0.05079164      0.00032990      0.00040321
    10     8   -184.37923344      0.49338473      0.10861550      0.13275228
    10     8   -184.37923344      2.44358593      0.01694619      0.02071201
    10     8   -184.37923344      4.13414870      0.00805901      0.00984990
    10     8   -184.02784880      0.15931441      0.01138539      0.01391548
    10     8   -184.02784880      0.30059300      0.01920748      0.02347580
    10     8   -184.02784880      0.84476937      0.04231431      0.05171750
    10     8   -184.02784880      2.79497057      0.01878510      0.02295956
    10     8   -184.02784880      4.48553334      0.00947102      0.01157569
    10    10   -184.02784880      0.35138464      0.06765414      0.06765414
    10     8   -183.53205872      0.65510449      0.00153730      0.00187892
    10     8   -183.53205872      0.79638308      0.00020406      0.00024941
    10     8   -183.53205872      1.34055945      0.20280543      0.24787330
    10     8   -183.53205872      3.29076065      0.00113019      0.00138134
    10     8   -183.53205872      4.98132342      0.03769995      0.04607772
    10    10   -183.53205872      0.49579008      0.23311431      0.23311431
    10    10   -183.53205872      0.84717472      0.26117571      0.26117571
    10     8   -182.88196377      1.30519945      0.04601075      0.05623536
    10     8   -182.88196377      1.44647803      0.07375806      0.09014874
    10     8   -182.88196377      1.99065441      0.00162766      0.00198936
    10     8   -182.88196377      3.94085561      0.00037424      0.00045741
    10     8   -182.88196377      5.63141838      0.04217945      0.05155266
    10    10   -182.88196377      0.65009495      0.15188928      0.15188928
    10    10   -182.88196377      1.14588504      0.01666302      0.01666302
    10    10   -182.88196377      1.49726968      0.15287718      0.15287718
    10     8   -182.27987931      1.90728390      0.00270999      0.00331221
    10     8   -182.27987931      2.04856249      0.10464665      0.12790146
    10     8   -182.27987931      2.59273886      0.15254344      0.18644199
    10     8   -182.27987931      4.54294006      0.01183406      0.01446385
    10     8   -182.27987931      6.23350283      0.00431024      0.00526807
    10    10   -182.27987931      0.60208446      0.06045297      0.06045297
    10    10   -182.27987931      1.25217941      0.09608543      0.09608543
    10    10   -182.27987931      1.74796949      0.09759957      0.09759957
    10    10   -182.27987931      2.09935413      0.00105745      0.00105745
    12    10   -185.42719497     -3.14731566      0.02224707      0.02629199
    12    10   -185.42719497     -2.54523121      0.01670067      0.01973715
    12    10   -185.42719497     -1.89513625      0.03480642      0.04113486
    12    10   -185.42719497     -1.39934617      0.05195621      0.06140280
    12    10   -185.42719497     -1.04796153      0.74900760      0.88519079
    12    10   -183.14268523     -0.86280592      0.00441368      0.00521616
    12    10   -183.14268523     -0.26072146      0.13071043      0.15447596
    12    10   -183.14268523      0.38937349      0.48936241      0.57833739
    12    10   -183.14268523      0.88516358      0.02589858      0.03060742
    12    10   -183.14268523      1.23654822      0.00149571      0.00176766
    12    12   -183.14268523      2.28450975      0.03526847      0.03526847
    12    10   -181.74529072      0.53458859      0.00870185      0.01028400
    12    10   -181.74529072      1.13667305      0.26504794      0.31323847
    12    10   -181.74529072      1.78676800      0.05386223      0.06365536
    12    10   -181.74529072      2.28255808      0.01098289      0.01297978
    12    10   -181.74529072      2.63394272      0.00023665      0.00027968
    12    12   -181.74529072      1.39739451      0.01839504      0.01839504
    12    12   -181.74529072      3.68190425      0.04324644      0.04324644
    12    10   -181.39308449      0.88679482      0.16635248      0.19659839
    12    10   -181.39308449      1.48887928      0.01808259      0.02137034
    12    10   -181.39308449      2.13897423      0.05894692      0.06966454
    12    10   -181.39308449      2.63476431      0.01322849      0.01563366
    12    10   -181.39308449      2.98614896      0.00994491      0.01175308
    12    12   -181.39308449      0.35220623      0.08403422      0.08403422
    12    12   -181.39308449      1.74960074      0.03598542      0.03598542
    12    12   -181.39308449      4.03411049      0.20263313      0.20263313
    12    10   -181.19943254      1.08044677      0.07451395      0.08806194
    12    10   -181.19943254      1.68253122      0.08320838      0.09833718
    12    10   -181.19943254      2.33262618      0.01961454      0.02318082
    12    10   -181.19943254      2.82841626      0.07533086      0.08902739
    12    10   -181.19943254      3.17980090      0.01688873      0.01995941
    12    12   -181.19943254      0.19365195      0.04516644      0.04516644
    12    12   -181.19943254      0.54585818      0.10028886      0.10028886
    12    12   -181.19943254      1.94325268      0.00057790      0.00057790
    12    12   -181.19943254      4.22776243      0.10780034      0.10780034
