 0   -192.20242
 4   -190.15050
 8   -188.51338
 4   -188.50340
 0   -187.91020
 2   -187.69528
 4   -187.37083
 6   -186.85273
 8   -186.82282
 0   -186.37766
 6   -186.15772
 4   -186.12030
 2   -185.82370
 4   -185.65590
12   -185.42719
 6   -185.16670
 6   -184.97150
 8   -184.87262
 0   -184.76321
 2   -184.64907
 6   -184.49522
10   -184.37923
 8   -184.32844
 8   -184.18716
10   -184.02785
10   -183.53206
 0   -183.37477
 2   -183.30974
12   -183.14269
10   -182.88196
 2   -182.72981
10   -182.27988
12   -181.74529
12   -181.39308
12   -181.19943
