  4   -329.63690
  8   -329.35844
 12   -329.22060
  6   -328.97476
  2   -328.96985
 10   -328.61085
  6   -328.53002
 14   -328.48822
  8   -327.94541
 10   -327.92266
  4   -327.39713
 12   -327.10922
  6   -327.10224
  2   -326.95318
 16   -326.86572
  8   -326.84109
 18   -326.82567
 14   -326.82263
 10   -326.78636
 12   -326.61290
 10   -326.53606
  6   -326.45315
  0   -326.27755
  6   -326.26707
  4   -326.09624
  6   -326.04224
  8   -326.02228
  4   -326.01090
 10   -325.95488
 16   -325.87191
 14   -325.67127
  8   -325.62406
  4   -325.62275
  2   -325.57737
 22   -325.53956
  2   -325.28225
 20   -325.18106
 10   -325.14759
  6   -325.14296
  4   -325.11872
  4   -325.08083
  8   -325.02659
 10   -324.99599
  2   -324.96172
  8   -324.90968
  0   -324.88759
  6   -324.84579
  4   -324.76400
  8   -324.68097
  2   -324.63503
 12   -324.57546
  2   -324.51517
 12   -324.37864
 12   -324.35217
  6   -324.34835
 14   -324.33044
  6   -324.28430
 14   -324.28232
  6   -324.25219
 10   -324.23726
  8   -324.23498
  8   -324.23192
  4   -324.15807
 10   -324.15500
  2   -324.13057
  8   -324.08026
 16   -324.07898
 12   -324.06804
  4   -324.05701
  8   -324.00599
 14   -323.98516
  4   -323.97186
  2   -323.92642
  6   -323.92570
  4   -323.84270
 12   -323.81920
  6   -323.81840
 18   -323.80177
  0   -323.77656
 10   -323.77167
  8   -323.70982
  4   -323.61661
 12   -323.60991
 14   -323.58489
 10   -323.56373
 10   -323.52411
  8   -323.50626
  2   -323.47129
  4   -323.45106
 12   -323.44998
 12   -323.44862
  6   -323.43083
 10   -323.30155
  8   -323.30124
 18   -323.23176
  6   -323.22935
  6   -323.18818
 16   -323.15233
 18   -323.12953
 10   -323.08284
  2   -323.07762
  4   -323.07468
 20   -323.06891
  8   -322.96427
  2   -322.92658
  6   -322.90082
 10   -322.89534
  8   -322.88638
  4   -322.88114
 12   -322.88097
 12   -322.86738
  0   -322.85901
  4   -322.84904
 14   -322.80547
 10   -322.79619
 18   -322.73368
  2   -322.70228
  6   -322.63097
 14   -322.61209
 16   -322.60409
 12   -322.60025
  6   -322.53684
  8   -322.53633
 10   -322.51070
  8   -322.48769
  4   -322.43386
 10   -322.43033
  6   -322.42692
 16   -322.36840
  4   -322.36374
  6   -322.32820
 22   -322.32454
  8   -322.28241
 12   -322.24262
 14   -322.18664
  8   -322.18539
  4   -322.15035
  0   -322.07674
 10   -322.07009
  8   -322.02493
  6   -321.99551
 14   -321.95795
  8   -321.93006
 10   -321.92145
  4   -321.91979
  2   -321.91202
 16   -321.90534
 10   -321.89500
 16   -321.81977
  6   -321.81482
 12   -321.80209
  4   -321.79350
  2   -321.77478
  8   -321.76060
 14   -321.75957
 10   -321.74394
  4   -321.74181
  0   -321.72577
 16   -321.70257
  4   -321.68788
  6   -321.64340
 12   -321.63133
  8   -321.62748
 20   -321.62358
  8   -321.56705
 10   -321.55075
 10   -321.54213
  6   -321.54085
  0   -321.53183
  4   -321.52730
 16   -321.48909
 14   -321.48004
  2   -321.47350
 12   -321.45408
  8   -321.44584
 10   -321.44400
 14   -321.39066
  6   -321.38734
 14   -321.37680
  4   -321.36595
  6   -321.32770
  6   -321.31462
  6   -321.30176
  8   -321.29840
  2   -321.28038
  8   -321.26899
  6   -321.25303
 16   -321.22924
 18   -321.21085
 10   -321.18773
  8   -321.18334
 12   -321.17527
  2   -321.16199
  2   -321.15422
  0   -321.14261
 14   -321.14237
  6   -321.13257
 12   -321.12767
 24   -321.12253
  4   -321.11541
  4   -321.09220
  4   -321.08124
 12   -321.07772
  8   -321.03265
  6   -321.02805
 14   -321.00038
  6   -320.98135
 10   -320.96926
  4   -320.96120
 12   -320.95856
  8   -320.93828
  6   -320.93628
  2   -320.93198
  8   -320.91954
 20   -320.91828
  4   -320.91771
 14   -320.91291
 18   -320.90112
 10   -320.89012
  6   -320.88330
 20   -320.82707
  4   -320.82093
  8   -320.82075
 10   -320.79131
 12   -320.78221
  6   -320.76736
 10   -320.76026
  2   -320.75223
  6   -320.73945
  8   -320.73591
  8   -320.72064
  2   -320.68734
 16   -320.67300
  4   -320.66587
  2   -320.64991
 18   -320.62247
 10   -320.61755
  6   -320.61373
 16   -320.61141
  4   -320.60442
 10   -320.59082
 12   -320.58005
  8   -320.55274
  6   -320.53320
  8   -320.52252
  2   -320.51662
  4   -320.50393
 12   -320.49912
 10   -320.49478
 18   -320.49421
 14   -320.48818
  8   -320.48279
 12   -320.47902
  8   -320.47124
  6   -320.46783
  6   -320.43534
 10   -320.37987
  2   -320.35841
  8   -320.35087
 14   -320.34986
  4   -320.34022
 14   -320.29302
 10   -320.27980
  6   -320.26505
 12   -320.24780
  4   -320.20568
 12   -320.20144
  8   -320.18573
  6   -320.16535
 16   -320.15587
 10   -320.15069
 20   -320.14396
  0   -320.13671
  2   -320.13378
 14   -320.12507
 18   -320.10506
 10   -320.10203
 12   -320.09175
  4   -320.08050
  6   -320.07993
  8   -320.07329
 10   -320.05667
  8   -320.04873
 10   -320.03818
  6   -320.00954
 12   -319.98392
  4   -319.95781
  2   -319.93757
  6   -319.92641
 12   -319.91700
  8   -319.90140
  4   -319.88046
  0   -319.87465
  0   -319.85083
 14   -319.83626
  2   -319.83380
 10   -319.82595
  4   -319.82235
 16   -319.81779
  8   -319.81178
 12   -319.81169
  8   -319.80767
 18   -319.75224
 12   -319.74543
  4   -319.73703
  2   -319.72885
  6   -319.72100
 10   -319.71503
 10   -319.70374
  6   -319.70083
 16   -319.67094
  8   -319.65243
  2   -319.64155
 10   -319.63199
  4   -319.61485
  8   -319.61270
  4   -319.60988
 14   -319.60954
 12   -319.60241
  6   -319.59794
  6   -319.57761
 14   -319.54825
 16   -319.52671
 22   -319.52106
  4   -319.51807
 10   -319.50588
  6   -319.49137
  8   -319.49082
 12   -319.46538
 12   -319.46502
  8   -319.46136
 10   -319.44813
  2   -319.42937
  4   -319.42427
 16   -319.41938
  8   -319.40523
  4   -319.40397
  6   -319.40258
 12   -319.38402
  8   -319.37492
 14   -319.37187
  6   -319.31959
 16   -319.31872
  8   -319.27191
  6   -319.26822
 10   -319.26592
  2   -319.25506
 12   -319.24048
 14   -319.23267
 18   -319.23114
 14   -319.19228
  4   -319.18951
  6   -319.18801
  4   -319.18563
  0   -319.17194
  2   -319.14962
 10   -319.14643
  8   -319.14506
  6   -319.14095
 10   -319.13237
 14   -319.12320
  2   -319.10233
 12   -319.07390
 10   -319.07096
 12   -319.06651
 10   -319.04842
  0   -319.04098
  8   -319.04063
  2   -319.02067
 10   -319.01336
  6   -319.00729
  4   -318.99901
 12   -318.99837
  4   -318.99283
 12   -318.99027
  8   -318.98386
  4   -318.98263
  2   -318.97157
 22   -318.93641
 14   -318.92357
  2   -318.91862
  8   -318.91614
 10   -318.90869
  6   -318.90221
 14   -318.89106
  4   -318.88717
 10   -318.87115
 12   -318.85371
 16   -318.85207
 14   -318.81406
  8   -318.78467
 10   -318.76977
 18   -318.76308
  6   -318.75195
  4   -318.75062
  8   -318.74247
 16   -318.73454
  4   -318.72157
  6   -318.68853
 16   -318.67789
 14   -318.67732
 10   -318.65943
 14   -318.64422
 10   -318.63573
 12   -318.62323
 16   -318.60280
  2   -318.59336
  2   -318.56491
 10   -318.56289
  4   -318.55222
 18   -318.50941
  4   -318.49135
 20   -318.48720
  2   -318.48136
 12   -318.47480
 10   -318.45852
  4   -318.40254
 10   -318.40091
 12   -318.37284
 14   -318.36178
  4   -318.34672
 16   -318.33992
  2   -318.33287
  4   -318.31143
 10   -318.29791
 12   -318.27608
 14   -318.25276
  0   -318.25077
 16   -318.22895
  0   -318.21847
 12   -318.19575
 12   -318.18119
 12   -318.16467
 14   -318.14134
 20   -318.13638
 18   -318.13617
 12   -318.03761
  0   -318.03343
  2   -318.03250
 14   -318.02176
  2   -317.99132
 16   -317.98470
 18   -317.98298
  2   -317.96917
  2   -317.92485
 14   -317.92188
 12   -317.86985
 14   -317.86563
 18   -317.85045
 20   -317.84898
 22   -317.82389
 16   -317.80136
  2   -317.80070
 12   -317.79844
 12   -317.78694
 12   -317.72676
  2   -317.70110
 12   -317.67406
 12   -317.60476
 14   -317.60407
  0   -317.54921
 14   -317.54505
 16   -317.53125
  2   -317.51562
 12   -317.49508
 16   -317.49481
 14   -317.48581
 16   -317.44510
 18   -317.38293
 14   -317.36312
 14   -317.33565
  2   -317.33080
  0   -317.31035
 12   -317.28936
 12   -317.25186
 16   -317.23371
  0   -317.21827
  2   -317.19163
 14   -317.15160
 20   -317.11722
 14   -317.11532
  2   -317.09903
  2   -317.04632
 18   -317.01497
  2   -317.00544
 14   -316.97133
 16   -316.88089
  0   -316.87988
  2   -316.84939
 14   -316.79502
 14   -316.77264
  2   -316.74556
  0   -316.71110
  2   -316.70969
 18   -316.70228
 16   -316.68836
  0   -316.66999
 14   -316.64910
 20   -316.64109
 18   -316.60477
 14   -316.59570
 16   -316.57526
  2   -316.51704
 16   -316.50628
  0   -316.49156
  2   -316.48674
 16   -316.48437
  2   -316.42416
 14   -316.42206
  2   -316.40743
 16   -316.40063
  0   -316.35987
 14   -316.34239
 18   -316.25387
 14   -316.22396
 16   -316.19179
 14   -316.11049
 16   -316.06326
 18   -315.93033
 20   -315.92839
 16   -315.92172
 14   -315.88696
 18   -315.80814
  0   -315.72474
 14   -315.71557
 16   -315.70725
 16   -315.62269
  0   -315.55681
 14   -315.55620
 16   -315.47588
 14   -315.46710
  0   -315.45393
 16   -315.42195
  0   -315.31620
 18   -315.25185
  0   -315.24973
 20   -315.15639
 16   -314.99574
 18   -314.93894
 16   -314.85132
  0   -314.81507
 18   -314.68283
  0   -314.59738
 22   -314.59091
 16   -314.51573
 16   -314.42833
 16   -314.29078
 16   -314.19835
 18   -314.19065
  0   -314.13161
 16   -314.10058
 22   -314.01326
 18   -313.95585
 16   -313.95140
 16   -313.87147
 18   -313.86620
  0   -313.85107
 20   -313.74781
 16   -313.74452
  0   -313.67825
 16   -313.60453
  0   -313.58624
 16   -313.51035
 18   -313.46974
 16   -313.44108
 20   -313.32986
  0   -313.24977
  0   -313.24452
 16   -313.24223
 16   -313.24051
 16   -313.18058
 18   -313.11840
  0   -313.08897
 18   -312.87872
  0   -312.70299
  0   -312.61572
  0   -312.57191
  0   -312.42691
 18   -312.40348
  0   -312.37371
  0   -312.35162
  0   -312.26554
 20   -312.22112
  0   -312.02446
  0   -311.83106
 18   -311.70040
  0   -311.68496
  0   -311.53558
  0   -311.27557
 18   -311.23221
  0   -311.07094
  0   -310.99036
 18   -310.93924
  0   -310.93078
  0   -310.85224
 18   -310.80411
 18   -310.62070
 20   -310.43523
  0   -310.10669
 18   -309.85920
  0   -309.79451
  0   -309.62461
  0   -309.56016
  0   -309.55394
  0   -309.37424
 18   -308.52432
 18   -308.33110
 18   -307.84729
 20   -307.23901
 18   -306.77626
 18   -305.72164
 18   -304.97938
  2   -329.94045
  0   -329.83483
  6   -329.81473
  4   -329.80761
  6   -329.72876
  8   -329.65412
 10   -329.06695
  8   -328.81910
  6   -328.58005
  4   -328.51584
  2   -328.38687
  4   -328.27853
 10   -328.26511
  8   -328.17424
 12   -328.13783
  6   -328.04147
 12   -327.69859
  4   -327.54352
 14   -327.50561
  6   -327.43741
 10   -327.37824
  2   -327.32416
  6   -327.30795
 14   -327.26912
  8   -327.25058
  4   -327.19532
  8   -327.13392
  2   -327.12292
  4   -327.08651
  8   -327.07175
  4   -327.00167
  6   -326.99179
  2   -326.98495
 10   -326.90713
  8   -326.87848
 10   -326.87524
 12   -326.86623
  6   -326.83605
  4   -326.82850
 16   -326.78815
  8   -326.75064
 10   -326.72855
 12   -326.70601
  2   -326.70045
  4   -326.67165
  6   -326.65325
  4   -326.61054
  0   -326.60033
  8   -326.58724
  6   -326.53410
 16   -326.52499
  4   -326.40730
 10   -326.39479
  2   -326.38953
 10   -326.38639
  8   -326.36552
  6   -326.30807
 12   -326.28584
  4   -326.27825
 10   -326.25161
  6   -326.24660
  8   -326.20469
 14   -326.17886
  2   -326.16198
  4   -326.14610
  0   -326.13550
 12   -326.12601
 18   -326.10420
  6   -326.10268
 10   -326.08584
  8   -326.06460
 12   -326.05049
  8   -326.04146
  6   -326.03618
 10   -326.02273
  4   -325.98404
 18   -325.97424
 14   -325.95342
  6   -325.88631
  8   -325.86943
  4   -325.86782
  6   -325.85982
  2   -325.83136
  8   -325.79085
  4   -325.78568
 10   -325.77584
 12   -325.77197
 14   -325.77092
  0   -325.76882
 16   -325.70552
  4   -325.68730
  6   -325.68131
  8   -325.66228
  2   -325.63384
  6   -325.62121
 12   -325.61596
 10   -325.60325
  4   -325.59218
 14   -325.57559
  2   -325.57447
  6   -325.56272
  8   -325.55173
 12   -325.53768
 10   -325.52391
  8   -325.48549
 12   -325.47026
 14   -325.45511
 10   -325.43094
  6   -325.41871
  4   -325.41784
  8   -325.41770
 12   -325.40798
  0   -325.38921
 16   -325.38596
 10   -325.35462
  2   -325.35254
  6   -325.33454
 10   -325.30905
 16   -325.30141
  2   -325.30032
  4   -325.28923
 12   -325.26801
  8   -325.26043
  6   -325.25384
  6   -325.20699
 20   -325.20107
  4   -325.19438
  8   -325.17772
  4   -325.15505
 14   -325.14631
  2   -325.11964
  8   -325.11908
 10   -325.11574
 12   -325.10963
  0   -325.10456
  6   -325.09790
  8   -325.09301
 14   -325.08588
  8   -325.07828
 16   -325.07172
  6   -325.06562
 10   -325.06420
 18   -325.03661
 12   -325.02607
 10   -325.00026
  6   -324.98381
  4   -324.98166
 14   -324.97202
  8   -324.96323
 10   -324.95942
  2   -324.93855
  4   -324.91645
  6   -324.91075
  8   -324.90999
 10   -324.87970
 16   -324.87360
 12   -324.86900
  6   -324.85399
 14   -324.85342
 14   -324.84433
  4   -324.82872
  8   -324.81919
 12   -324.80696
  2   -324.79348
 10   -324.79157
  4   -324.79135
  6   -324.78406
  8   -324.75576
 12   -324.73915
  6   -324.73302
 10   -324.73270
 10   -324.70143
  2   -324.69678
  4   -324.67789
 18   -324.67550
 14   -324.66007
  8   -324.63612
 10   -324.63229
  2   -324.63169
  6   -324.63166
 12   -324.61931
  2   -324.60906
 16   -324.57274
  4   -324.57089
  8   -324.56505
  6   -324.55835
 20   -324.54753
 12   -324.54637
  0   -324.53914
  8   -324.53501
 16   -324.53202
 10   -324.51937
  6   -324.49745
 14   -324.49052
  8   -324.47968
  4   -324.46275
 10   -324.45586
  4   -324.44064
  0   -324.42885
 12   -324.41592
 10   -324.39859
 14   -324.39630
  6   -324.38590
 12   -324.38581
  4   -324.37626
  8   -324.37467
  6   -324.37238
  8   -324.37089
 16   -324.35676
  2   -324.34636
  8   -324.34526
  4   -324.34484
  6   -324.34370
 16   -324.32814
 10   -324.32326
 18   -324.31301
 22   -324.31155
  6   -324.30159
 14   -324.29832
  8   -324.29062
  8   -324.28178
  8   -324.26885
  2   -324.26702
 10   -324.26548
  6   -324.25934
  4   -324.25457
 14   -324.23400
 18   -324.23305
 12   -324.22431
  2   -324.20818
  0   -324.20787
  4   -324.20233
 10   -324.19991
 16   -324.18438
 12   -324.16412
  2   -324.16077
  6   -324.16005
 10   -324.15583
  8   -324.15574
  6   -324.14762
  8   -324.13758
  4   -324.12464
 14   -324.12300
 12   -324.11482
 10   -324.10935
  8   -324.10592
  6   -324.10483
 14   -324.09049
  2   -324.07382
 10   -324.07325
  6   -324.06182
 12   -324.05083
 12   -324.03185
  2   -324.02158
 16   -324.00201
 14   -324.00183
  4   -324.00127
  8   -323.99708
  0   -323.98421
  8   -323.98049
  6   -323.97362
  4   -323.97335
 10   -323.96569
 14   -323.95387
 12   -323.95222
 18   -323.94678
 10   -323.94280
  2   -323.94025
 20   -323.93349
  6   -323.92546
 12   -323.92360
  2   -323.92311
  4   -323.91096
  8   -323.90994
  4   -323.89997
 10   -323.89467
  6   -323.87099
 10   -323.85899
  4   -323.85675
 10   -323.85600
 16   -323.85349
 14   -323.84780
  6   -323.83816
 18   -323.83594
  8   -323.83476
  2   -323.82658
 12   -323.81810
 10   -323.80619
  8   -323.80569
 12   -323.80115
 10   -323.79384
  2   -323.79008
  8   -323.78961
  6   -323.77202
  4   -323.76888
  6   -323.75885
 16   -323.75776
  2   -323.75625
 10   -323.75187
  4   -323.73785
 12   -323.72860
  0   -323.71969
  8   -323.70793
  4   -323.68988
  6   -323.68572
 14   -323.67546
 10   -323.67160
  6   -323.66905
 14   -323.66678
  0   -323.65997
  8   -323.65869
 12   -323.65248
  8   -323.65172
 10   -323.65019
 18   -323.64359
  4   -323.63361
  6   -323.62845
  8   -323.62469
 12   -323.62189
  2   -323.61833
 12   -323.61276
  6   -323.61133
 14   -323.60495
  4   -323.60398
 10   -323.59699
  8   -323.58463
 16   -323.57829
  6   -323.57128
  2   -323.56884
 10   -323.56841
 10   -323.55520
  4   -323.54485
 12   -323.53796
  6   -323.53532
 10   -323.53332
  2   -323.53313
 16   -323.52781
  8   -323.52609
 14   -323.50233
  4   -323.49572
 12   -323.49551
  6   -323.49470
  8   -323.48813
 10   -323.48608
  8   -323.48166
 16   -323.47753
  4   -323.47199
  2   -323.47113
 20   -323.46730
  4   -323.45603
  2   -323.45392
  6   -323.45320
  6   -323.44607
 10   -323.44501
 12   -323.44131
  0   -323.44106
  8   -323.42605
  4   -323.42574
 18   -323.41811
 14   -323.41241
  8   -323.40715
 14   -323.38695
 10   -323.38617
  2   -323.37180
  4   -323.37118
 12   -323.36436
  8   -323.36207
 16   -323.36023
  4   -323.35623
 14   -323.34669
  2   -323.34161
  6   -323.33583
  4   -323.32968
 10   -323.32878
 16   -323.31310
 18   -323.30620
  8   -323.30595
 12   -323.29623
  4   -323.29605
  6   -323.29159
 10   -323.28978
  6   -323.27607
  8   -323.27591
  2   -323.27116
 18   -323.25700
 14   -323.25318
 12   -323.24356
 20   -323.24335
  0   -323.23378
  4   -323.22290
 10   -323.22159
 12   -323.20216
 16   -323.19401
 24   -323.19101
 14   -323.19090
  2   -323.18978
 18   -323.18326
 10   -323.17440
 12   -323.17126
 14   -323.16086
  2   -323.15983
  4   -323.15729
  4   -323.13973
  0   -323.13858
 12   -323.13640
 16   -323.13131
  2   -323.11634
  4   -323.10952
 12   -323.10522
 10   -323.09209
 10   -323.08744
 20   -323.08551
 14   -323.08448
  4   -323.07728
 12   -323.07646
 10   -323.05150
  2   -323.05004
 16   -323.04959
 14   -323.04537
 22   -323.04084
 12   -323.03294
 20   -323.02219
  4   -323.01923
 10   -323.00872
 14   -322.98879
 12   -322.98812
 12   -322.98208
 14   -322.97084
 16   -322.96175
  2   -322.95917
  0   -322.95645
 18   -322.95086
  2   -322.94769
 14   -322.91915
  2   -322.89652
 12   -322.89227
  2   -322.85779
 14   -322.84589
 16   -322.83896
  2   -322.83759
 12   -322.83478
 18   -322.83258
 12   -322.82761
 14   -322.79726
  0   -322.79552
 20   -322.79261
 12   -322.78352
 22   -322.75783
 12   -322.75520
 12   -322.74036
 16   -322.73649
  2   -322.73481
 18   -322.72273
 12   -322.71297
 14   -322.69390
  2   -322.69141
 18   -322.66720
 14   -322.66207
 22   -322.65366
 20   -322.64783
  2   -322.64604
 14   -322.64406
  2   -322.63710
 12   -322.63346
 16   -322.62713
 12   -322.62289
 14   -322.61868
 16   -322.61586
  0   -322.59227
 16   -322.59161
  2   -322.57956
 18   -322.56913
 12   -322.56365
 14   -322.56173
  0   -322.55634
  2   -322.55507
 14   -322.55502
 16   -322.54844
  2   -322.53616
 14   -322.53517
 20   -322.52521
 12   -322.51209
 14   -322.50042
  2   -322.49142
 16   -322.47691
 14   -322.45262
  0   -322.42508
  2   -322.42212
 18   -322.41905
  2   -322.40222
 14   -322.38319
  0   -322.37646
 24   -322.37045
 16   -322.35260
  2   -322.33577
 22   -322.33208
 14   -322.33040
 16   -322.31677
 18   -322.31468
  2   -322.31091
 14   -322.29396
 16   -322.26391
 18   -322.25802
 20   -322.25287
  0   -322.24469
  0   -322.24362
  2   -322.23536
 14   -322.22060
 16   -322.21214
 18   -322.19972
 22   -322.19923
  0   -322.18491
 16   -322.17746
 14   -322.16456
 14   -322.14990
 18   -322.11228
 14   -322.10290
  0   -322.08692
 16   -322.07017
 14   -322.05693
 16   -322.05377
 20   -322.05260
 14   -322.02168
 16   -321.99835
 18   -321.98686
 14   -321.98156
 18   -321.96593
 16   -321.96448
 22   -321.94652
 14   -321.93707
  0   -321.93602
 16   -321.92586
 20   -321.91238
 16   -321.91220
  0   -321.90284
  0   -321.89741
 18   -321.86643
 14   -321.86559
 18   -321.83565
 22   -321.82625
 16   -321.80502
  0   -321.80489
 16   -321.79048
 20   -321.77969
 16   -321.75345
 20   -321.73440
 16   -321.70161
 20   -321.67747
  0   -321.67465
 16   -321.66512
 22   -321.63718
 18   -321.63687
  0   -321.61446
 16   -321.60840
 16   -321.60347
 18   -321.60145
 24   -321.58702
 16   -321.56327
 18   -321.54658
 16   -321.52159
 16   -321.49228
 18   -321.46643
  0   -321.45441
 16   -321.43807
  0   -321.42686
 18   -321.40772
 20   -321.40448
 16   -321.38473
  0   -321.35546
  0   -321.34383
 18   -321.33848
 16   -321.33411
 20   -321.33165
 16   -321.29878
 20   -321.28465
 16   -321.27262
 24   -321.27187
  0   -321.26993
 18   -321.25047
  0   -321.23624
 18   -321.22939
 16   -321.21585
 20   -321.20814
 22   -321.20285
 16   -321.17702
 18   -321.17581
 16   -321.14160
 20   -321.14045
 18   -321.10670
 22   -321.09457
  0   -321.09226
 18   -321.07783
 20   -321.07569
 18   -321.00217
  0   -321.00089
 18   -320.99977
 18   -320.92670
  0   -320.92328
 24   -320.92299
  0   -320.91930
 18   -320.91544
 18   -320.88133
 18   -320.87400
 20   -320.85431
  0   -320.83031
 22   -320.81685
 20   -320.81329
 18   -320.80591
 24   -320.77605
 18   -320.76365
 20   -320.75099
  0   -320.74490
 22   -320.71777
  0   -320.71032
 18   -320.67148
 18   -320.63532
  0   -320.63347
 20   -320.62604
 18   -320.61824
 24   -320.60146
 18   -320.59580
 22   -320.59526
 20   -320.59004
 18   -320.58217
 20   -320.52871
  0   -320.51894
 18   -320.51279
 18   -320.50186
 18   -320.46783
 20   -320.44907
  0   -320.42716
 22   -320.42303
 18   -320.42101
 18   -320.38796
 18   -320.38623
  0   -320.37129
 20   -320.36829
 18   -320.35544
  0   -320.31535
 22   -320.29584
 18   -320.29448
 20   -320.29284
 24   -320.29013
 20   -320.26742
  0   -320.25955
 22   -320.24614
 18   -320.24107
  0   -320.23892
  0   -320.21109
  0   -320.21050
 20   -320.16635
 20   -320.15762
  0   -320.14949
  0   -320.11618
 20   -320.11406
 20   -320.08082
 24   -320.03637
 20   -320.00788
  0   -319.98617
 22   -319.95865
  0   -319.94376
 20   -319.93173
 20   -319.90204
 20   -319.89513
 24   -319.89212
 22   -319.88147
 20   -319.85604
  0   -319.84814
 22   -319.82884
 22   -319.80426
  0   -319.80314
 20   -319.77682
  0   -319.75706
 20   -319.75153
 20   -319.74680
 22   -319.71950
 20   -319.70416
 22   -319.70157
 20   -319.67041
 24   -319.64810
 22   -319.64061
 20   -319.59145
 20   -319.56675
 24   -319.55916
 22   -319.55689
 20   -319.52653
 22   -319.51176
 24   -319.49567
 20   -319.47258
 20   -319.44539
 20   -319.42473
 22   -319.42446
 24   -319.41608
 20   -319.40863
 20   -319.35261
 22   -319.34563
 20   -319.33075
 22   -319.28456
 20   -319.28137
 20   -319.25215
 20   -319.20376
 22   -319.19064
 24   -319.17388
 20   -319.17307
 22   -319.16404
 22   -319.14735
 24   -319.13448
 22   -319.10890
 20   -319.10382
 24   -318.95643
 22   -318.93927
 22   -318.91079
 22   -318.88311
 24   -318.84087
 22   -318.79742
 22   -318.76853
 24   -318.70600
 22   -318.66985
 24   -318.64400
 22   -318.64036
 24   -318.59761
 22   -318.57745
 24   -318.55806
 22   -318.50987
 22   -318.50004
 22   -318.46128
 22   -318.45349
 22   -318.39340
 24   -318.36567
 24   -318.33423
 22   -318.32856
 24   -318.29554
 22   -318.26062
 22   -318.20053
 22   -318.14317
 24   -318.13546
 22   -318.13101
 22   -318.11453
 24   -318.08148
 22   -318.05841
 22   -318.03546
 24   -317.97205
 22   -317.94665
 22   -317.91408
 24   -317.90942
 22   -317.85859
 22   -317.84515
 24   -317.81820
 22   -317.79456
 22   -317.78307
 24   -317.74664
 24   -317.74474
 24   -317.65211
 24   -317.63459
 24   -317.51634
 24   -317.47341
 24   -317.41740
 24   -317.33303
 24   -317.29615
 24   -317.26459
 24   -317.18226
 24   -317.17436
 24   -317.06126
 24   -317.02751
 24   -316.94336
 24   -316.89171
 24   -316.77751
 24   -316.75921
 24   -316.72440
 24   -316.69840
 24   -316.67196
 24   -316.62274
 24   -316.56624
 24   -316.56056
 24   -316.50849
 24   -316.47604
 24   -316.41264
 24   -316.38121
 24   -316.34737
 24   -316.26856
