 0   -296.17219
 4   -295.28566
 4   -294.52460
 8   -294.48821
 4   -294.47896
12   -294.27392
 0   -294.09133
 4   -294.08076
 8   -294.05804
 2   -294.05421
 6   -293.98556
 0   -293.96572
 4   -293.90701
12   -293.86507
 6   -293.85723
 8   -293.80397
 8   -293.69957
 2   -293.68454
 6   -293.60793
12   -293.57959
10   -293.56886
 2   -293.52482
 0   -293.52138
 4   -293.51543
12   -293.41680
 4   -293.40692
 8   -293.39549
 4   -293.32097
 8   -293.30879
10   -293.29840
 0   -293.28544
 2   -293.25523
 6   -293.25451
 8   -293.21877
 8   -293.20976
 4   -293.17003
10   -293.16217
12   -293.13459
 8   -293.12955
 4   -293.11416
14   -293.10884
 6   -293.10526
 4   -293.08951
10   -293.06697
 8   -293.03561
 4   -293.01538
 2   -293.01270
 0   -292.98632
12   -292.95644
 4   -292.95039
 6   -292.94756
 8   -292.93214
 2   -292.92743
14   -292.91161
 0   -292.87961
 8   -292.87100
12   -292.86382
10   -292.82717
 8   -292.82327
 6   -292.82135
 4   -292.81821
 6   -292.78456
 4   -292.78139
10   -292.77526
 2   -292.75483
 6   -292.75429
 8   -292.74633
 4   -292.71156
 8   -292.71022
14   -292.68138
12   -292.68121
 4   -292.67967
 8   -292.67584
 2   -292.65645
12   -292.64853
10   -292.64464
 4   -292.63250
 6   -292.63032
 8   -292.62820
 6   -292.61771
10   -292.61588
 4   -292.59278
12   -292.58389
 8   -292.56641
 0   -292.56254
 6   -292.55799
 4   -292.54999
 2   -292.53122
 6   -292.52828
10   -292.52630
 4   -292.51557
 0   -292.50844
 2   -292.50189
 6   -292.48932
10   -292.48752
 6   -292.48311
 8   -292.48083
12   -292.48064
14   -292.47058
 4   -292.46506
 8   -292.46266
 0   -292.44324
12   -292.43784
10   -292.42820
 4   -292.42597
12   -292.41052
 4   -292.40506
 8   -292.39743
 6   -292.39733
 8   -292.38619
 4   -292.38385
10   -292.37917
14   -292.37710
 2   -292.37155
 6   -292.37051
 4   -292.36271
 8   -292.35688
 8   -292.32648
 4   -292.32457
 6   -292.32128
 0   -292.32019
10   -292.31745
14   -292.31531
 4   -292.30725
 8   -292.30655
 2   -292.30649
12   -292.30530
 6   -292.29022
 8   -292.28562
12   -292.28429
 6   -292.27018
 8   -292.26870
 4   -292.25728
10   -292.25716
14   -292.24914
 0   -292.24685
12   -292.24233
 2   -292.24178
10   -292.23954
 6   -292.23790
 4   -292.22834
 8   -292.22350
12   -292.22322
14   -292.20720
 8   -292.20367
 2   -292.20202
 6   -292.18708
 4   -292.18266
10   -292.17736
 6   -292.16786
12   -292.16415
 4   -292.16196
 2   -292.16183
12   -292.15538
 6   -292.15526
 0   -292.13826
10   -292.13713
 4   -292.12987
 0   -292.12700
 8   -292.12589
10   -292.12488
 6   -292.12189
 2   -292.11325
 8   -292.11191
 6   -292.10827
12   -292.10800
 4   -292.10536
14   -292.10280
 8   -292.08835
 8   -292.08423
10   -292.08410
 2   -292.07658
 4   -292.07581
12   -292.07259
 4   -292.06917
 6   -292.06182
14   -292.05773
 0   -292.05497
12   -292.04767
 6   -292.04721
 4   -292.04427
10   -292.04146
 8   -292.03987
 8   -292.03465
 6   -292.03244
 2   -292.02868
 8   -292.02289
10   -292.01655
 4   -292.01401
 6   -292.01281
12   -292.00912
 4   -292.00642
 8   -292.00630
14   -291.99957
 8   -291.99472
10   -291.99214
 6   -291.99052
12   -291.98839
 4   -291.98713
 4   -291.97531
 2   -291.97477
14   -291.97015
10   -291.96936
 8   -291.96574
10   -291.96500
 6   -291.96103
 8   -291.95558
10   -291.95466
12   -291.95288
 6   -291.94913
 8   -291.94562
 4   -291.94216
10   -291.94013
 6   -291.93781
 0   -291.93500
12   -291.93392
 8   -291.92424
 4   -291.92227
 2   -291.92208
 0   -291.91774
 2   -291.90707
 8   -291.90549
 6   -291.90186
12   -291.89901
 2   -291.89562
14   -291.89529
14   -291.89303
10   -291.89244
 6   -291.88901
 4   -291.88836
12   -291.88581
 8   -291.87852
10   -291.87494
 4   -291.87473
 6   -291.87010
10   -291.86578
 2   -291.86395
12   -291.86049
 8   -291.86006
 4   -291.85657
 8   -291.85552
 6   -291.85374
 4   -291.85169
14   -291.85071
10   -291.84908
 6   -291.84367
12   -291.83901
10   -291.83508
 6   -291.83456
12   -291.83307
10   -291.83219
 8   -291.83078
 0   -291.82166
14   -291.82090
 4   -291.81627
 8   -291.81460
 8   -291.81325
12   -291.80954
 6   -291.80855
 4   -291.80449
14   -291.80173
10   -291.79623
12   -291.79570
10   -291.79131
 2   -291.78736
 6   -291.78679
 4   -291.78388
 4   -291.77802
 2   -291.77552
 8   -291.77535
10   -291.77515
 6   -291.77466
14   -291.77422
 8   -291.77055
12   -291.75857
 4   -291.75812
 8   -291.75614
 6   -291.75454
 8   -291.74973
14   -291.74923
12   -291.74809
12   -291.74276
 6   -291.74165
10   -291.73647
 4   -291.73571
10   -291.73315
 4   -291.73176
 2   -291.73167
 8   -291.73128
12   -291.72540
14   -291.72132
10   -291.72113
 8   -291.71925
 6   -291.71784
 2   -291.71035
10   -291.71023
 4   -291.70888
 6   -291.70763
 0   -291.70729
12   -291.70598
 8   -291.70423
 4   -291.70284
 6   -291.70070
 2   -291.69897
 8   -291.69546
14   -291.69489
12   -291.69255
 6   -291.68674
10   -291.68421
12   -291.68277
 2   -291.67984
 8   -291.67742
 6   -291.67687
 4   -291.67260
 6   -291.67170
10   -291.67083
14   -291.66865
 4   -291.66701
 8   -291.66284
 8   -291.66130
10   -291.66126
 6   -291.66003
12   -291.65631
 4   -291.65372
 0   -291.65249
10   -291.64821
 6   -291.64351
12   -291.64317
10   -291.64259
14   -291.64182
14   -291.63976
 0   -291.63506
 4   -291.63244
 4   -291.63175
 8   -291.63123
 6   -291.63048
 8   -291.63044
12   -291.62888
14   -291.62616
 6   -291.61856
10   -291.61710
 6   -291.60772
 2   -291.60600
10   -291.60543
 2   -291.60518
 8   -291.60358
 4   -291.60321
12   -291.60281
 8   -291.60113
12   -291.59277
14   -291.59231
 4   -291.59114
 8   -291.58798
 2   -291.58777
10   -291.58749
 2   -291.58526
 0   -291.58233
 6   -291.58111
 6   -291.57971
12   -291.57924
 4   -291.57654
 8   -291.57640
 8   -291.57295
14   -291.56479
 4   -291.56454
12   -291.56440
 8   -291.56254
 6   -291.56026
14   -291.55939
10   -291.55904
12   -291.55288
 8   -291.55265
14   -291.55233
10   -291.55232
12   -291.54752
 6   -291.54677
 4   -291.54574
 6   -291.54388
10   -291.54073
 8   -291.53731
10   -291.53645
12   -291.53617
 6   -291.53505
 2   -291.53465
14   -291.53177
 4   -291.53061
 2   -291.53022
 8   -291.53017
12   -291.52649
 4   -291.52336
10   -291.52190
 6   -291.51873
12   -291.51700
10   -291.51687
 2   -291.51180
 6   -291.50891
 0   -291.50819
 8   -291.50427
12   -291.50299
 4   -291.50272
 2   -291.50249
14   -291.50102
 8   -291.49832
12   -291.49631
 6   -291.49258
10   -291.49141
 4   -291.49135
14   -291.49042
 8   -291.48474
 6   -291.48220
 8   -291.48142
 4   -291.47846
 6   -291.47827
12   -291.47454
10   -291.47218
14   -291.47110
10   -291.46933
 8   -291.46643
 4   -291.46405
12   -291.46216
 4   -291.45989
 6   -291.45722
14   -291.45636
 2   -291.45623
10   -291.45356
 4   -291.45325
 0   -291.45307
 6   -291.44949
 8   -291.44889
14   -291.44738
 4   -291.44716
 8   -291.44679
 8   -291.44319
10   -291.44140
12   -291.44140
 6   -291.43945
 0   -291.43808
12   -291.43414
 2   -291.42896
 8   -291.42742
 6   -291.42271
10   -291.42215
10   -291.42056
14   -291.42055
 4   -291.41770
10   -291.41133
 6   -291.41120
 0   -291.41040
12   -291.40901
 4   -291.40883
14   -291.40640
10   -291.40280
 2   -291.40249
12   -291.40066
 4   -291.39806
 6   -291.39690
14   -291.39561
12   -291.39062
10   -291.38723
14   -291.38656
 4   -291.38578
 6   -291.38527
12   -291.38182
 2   -291.38077
14   -291.38043
 6   -291.37828
12   -291.37348
10   -291.36948
14   -291.36592
 4   -291.36540
 0   -291.36449
 6   -291.36357
12   -291.36283
10   -291.35893
 6   -291.35820
 2   -291.35794
12   -291.35391
10   -291.35053
14   -291.35028
 2   -291.34489
10   -291.33887
14   -291.33734
 6   -291.33620
12   -291.33420
 6   -291.33388
12   -291.32912
10   -291.32656
 2   -291.32559
12   -291.31902
10   -291.31895
14   -291.31610
 6   -291.31607
 2   -291.31321
12   -291.31040
10   -291.30948
10   -291.30309
 2   -291.29773
12   -291.29734
 0   -291.29404
12   -291.29253
10   -291.29141
14   -291.28660
12   -291.28199
10   -291.28141
 2   -291.27920
14   -291.27778
14   -291.27230
12   -291.27007
10   -291.26502
 2   -291.26072
10   -291.25910
 2   -291.25281
14   -291.25168
12   -291.25021
14   -291.24583
10   -291.24571
12   -291.24351
 2   -291.23723
12   -291.23577
 0   -291.23575
10   -291.23226
14   -291.23058
10   -291.22859
12   -291.22559
12   -291.21698
14   -291.21491
 2   -291.21474
10   -291.21396
 0   -291.21230
12   -291.21174
14   -291.21166
 2   -291.20876
10   -291.19938
12   -291.19280
 0   -291.19140
14   -291.19102
14   -291.18207
 2   -291.17643
14   -291.16861
 0   -291.16596
 2   -291.16382
14   -291.16282
 2   -291.15065
14   -291.14745
 2   -291.14383
14   -291.14345
14   -291.13830
 2   -291.13584
14   -291.13222
 0   -291.13143
14   -291.11899
 0   -291.11705
14   -291.11120
 2   -291.10529
 2   -291.10224
14   -291.09158
 2   -291.08427
14   -291.08278
14   -291.07622
 2   -291.07171
14   -291.07015
 2   -291.06953
14   -291.06134
14   -291.05456
 2   -291.04927
 0   -291.04878
14   -291.04533
 2   -291.04445
14   -291.03778
 0   -291.02812
 2   -291.02437
14   -291.02195
 0   -291.01866
14   -291.00982
 2   -291.00391
14   -291.00211
 2   -290.99491
 0   -290.98811
14   -290.98528
 2   -290.98218
14   -290.97769
 0   -290.97327
 2   -290.97149
14   -290.96584
 2   -290.96325
14   -290.95933
 0   -290.95827
 2   -290.95083
14   -290.94420
 2   -290.93656
14   -290.93200
 2   -290.92378
14   -290.91911
 0   -290.91786
 2   -290.91635
 2   -290.89929
 0   -290.89500
 0   -290.88611
 2   -290.88206
 2   -290.87627
 2   -290.86559
 2   -290.84927
 0   -290.82865
 2   -290.82481
 0   -290.82273
 0   -290.80054
 0   -290.77610
 0   -290.74800
 0   -290.68826
 0   -290.68081
 0   -290.65595
 0   -290.64225
 0   -290.61992
 0   -290.59607
 0   -290.56758
 0   -290.55640
 0   -290.54134
 0   -290.52271
 0   -290.50125
 0   -290.48050
 0   -290.46821
 0   -290.44480
 0   -290.42604
 0   -290.40522
 0   -290.38885
 0   -290.37945
 0   -290.36804
 0   -290.36189
 0   -290.33090
 0   -290.32217
 0   -290.30505
 0   -290.28748
 0   -290.26050
 0   -290.25088
 0   -290.24020
 0   -290.21704
 0   -290.20997
 0   -290.18068
 0   -290.16947
 0   -290.14730
