14   -293.96846
10   -293.85561
12   -293.77358
 8   -293.70578
 6   -293.57667
12   -293.54686
10   -293.53346
12   -293.31156
14   -293.21847
10   -293.12643
 8   -293.12484
10   -293.04292
 8   -292.96082
 8   -292.93777
 6   -292.91456
12   -292.90002
14   -292.87434
12   -292.85945
 6   -292.84386
10   -292.81307
12   -292.80589
 4   -292.74278
10   -292.71911
14   -292.70175
 8   -292.70133
10   -292.69506
14   -292.63337
 8   -292.62836
 4   -292.62783
10   -292.58052
14   -292.57995
 6   -292.57356
12   -292.54713
 8   -292.53778
12   -292.52330
10   -292.51846
 4   -292.48330
14   -292.48116
 4   -292.46550
14   -292.44383
10   -292.43564
 2   -292.43536
 8   -292.42901
 6   -292.42515
12   -292.41963
12   -292.38767
 8   -292.38610
10   -292.38016
 6   -292.37097
14   -292.35345
12   -292.34511
 2   -292.33210
10   -292.33014
 6   -292.31846
 4   -292.30036
12   -292.29314
14   -292.28903
10   -292.27987
 6   -292.27942
 8   -292.27767
 4   -292.24398
12   -292.24148
10   -292.23757
14   -292.23615
 8   -292.22516
 2   -292.22079
14   -292.21820
10   -292.21719
12   -292.20402
 6   -292.19171
 8   -292.18455
12   -292.18144
 8   -292.16737
14   -292.16441
 6   -292.15776
10   -292.14719
14   -292.13570
12   -292.13254
 8   -292.12551
 4   -292.11843
10   -292.11366
14   -292.11048
 8   -292.09356
14   -292.08472
10   -292.08447
 6   -292.07928
12   -292.07910
10   -292.07320
 6   -292.07128
 8   -292.07043
14   -292.06572
12   -292.06468
 8   -292.04480
12   -292.04383
 6   -292.04059
10   -292.03782
 2   -292.03677
 4   -292.03587
12   -292.02669
 8   -292.02056
10   -292.02029
14   -292.01617
 4   -292.00685
12   -292.00570
10   -291.99924
 6   -291.99710
14   -291.99488
 8   -291.99302
12   -291.98889
10   -291.98842
 8   -291.98794
 6   -291.96652
14   -291.96446
 6   -291.96186
10   -291.96160
12   -291.96007
 8   -291.95630
 2   -291.95504
10   -291.94919
 8   -291.94365
 8   -291.94169
14   -291.94037
 2   -291.93987
10   -291.93807
12   -291.92748
 4   -291.92314
14   -291.92303
12   -291.91719
10   -291.91331
 6   -291.90960
 4   -291.90818
 6   -291.90738
12   -291.90433
14   -291.90239
 2   -291.89612
10   -291.89209
12   -291.88958
10   -291.88885
 8   -291.88681
 4   -291.88140
 8   -291.87682
12   -291.86959
 6   -291.86718
 4   -291.86506
14   -291.86464
 6   -291.86253
 8   -291.85917
10   -291.85740
14   -291.85572
12   -291.85470
 0   -291.84726
10   -291.84725
 8   -291.84635
12   -291.84598
 6   -291.84137
 2   -291.83417
14   -291.83365
 8   -291.82571
14   -291.82459
 4   -291.82233
10   -291.82158
10   -291.81685
12   -291.81266
12   -291.81102
 6   -291.79654
 8   -291.79242
 0   -291.79199
10   -291.79098
14   -291.79042
12   -291.78840
 6   -291.78604
 8   -291.78569
 2   -291.78558
 4   -291.77823
10   -291.77620
10   -291.77334
14   -291.76837
 8   -291.76657
 4   -291.76417
12   -291.76404
 6   -291.76339
10   -291.75817
14   -291.75761
12   -291.75676
 8   -291.75537
 6   -291.74710
 2   -291.74360
10   -291.74275
 8   -291.74011
14   -291.73903
 4   -291.73633
 6   -291.73298
12   -291.73248
10   -291.73170
12   -291.72992
14   -291.72963
 4   -291.72375
 0   -291.72104
 8   -291.72004
 6   -291.71225
14   -291.70956
12   -291.70901
14   -291.70850
 4   -291.70485
10   -291.70211
 4   -291.70021
12   -291.69700
 8   -291.69642
 6   -291.69376
10   -291.68846
12   -291.68463
 8   -291.68216
14   -291.68104
14   -291.67913
 8   -291.67853
 2   -291.67281
10   -291.66961
12   -291.66118
 2   -291.65621
10   -291.65606
 6   -291.65261
 6   -291.65086
12   -291.64605
 8   -291.64420
 4   -291.64271
12   -291.64210
10   -291.63795
 8   -291.63439
10   -291.63251
 0   -291.63011
14   -291.63005
10   -291.62864
 6   -291.62795
 8   -291.62242
 4   -291.62073
 6   -291.61694
12   -291.61356
14   -291.61271
 2   -291.60974
 6   -291.60850
 8   -291.60817
10   -291.60648
12   -291.60269
14   -291.60112
14   -291.59865
10   -291.59081
 8   -291.59043
14   -291.58784
 8   -291.58425
 6   -291.58397
 4   -291.58019
10   -291.57768
12   -291.57512
 6   -291.57444
 8   -291.57084
14   -291.57015
 6   -291.56992
10   -291.56629
12   -291.56380
 8   -291.56300
12   -291.55780
 2   -291.55420
10   -291.55046
14   -291.55037
12   -291.54766
 4   -291.54653
 4   -291.54300
 8   -291.54134
 6   -291.53985
10   -291.53276
12   -291.53227
 8   -291.53205
14   -291.53162
 4   -291.52944
10   -291.52521
14   -291.52326
10   -291.52287
12   -291.52274
 6   -291.52233
 8   -291.51566
14   -291.51492
 2   -291.51187
 6   -291.50729
10   -291.50490
12   -291.50334
 8   -291.50173
14   -291.49718
12   -291.49593
10   -291.49457
 6   -291.49058
 8   -291.49035
 4   -291.48913
10   -291.48673
 6   -291.48598
14   -291.48496
 8   -291.48350
14   -291.48091
 2   -291.47943
12   -291.47734
14   -291.47335
 4   -291.47169
 4   -291.46823
 6   -291.46276
10   -291.46249
 8   -291.46168
12   -291.46133
10   -291.45900
12   -291.45842
14   -291.45806
10   -291.45656
 2   -291.45502
12   -291.45467
 6   -291.44970
14   -291.44746
 8   -291.44099
12   -291.43917
14   -291.43612
10   -291.43448
12   -291.43443
 8   -291.43000
 4   -291.42971
 0   -291.42828
 2   -291.42765
 8   -291.42739
 6   -291.42559
14   -291.42401
 8   -291.42066
10   -291.41970
12   -291.41890
 6   -291.41152
 0   -291.41029
 6   -291.40729
14   -291.40516
12   -291.40367
10   -291.40327
 8   -291.40195
 4   -291.40050
14   -291.39723
12   -291.39516
 4   -291.39183
14   -291.39103
 2   -291.38689
10   -291.38607
14   -291.38526
12   -291.38343
10   -291.38180
 8   -291.37870
 8   -291.37295
 6   -291.37167
10   -291.37066
14   -291.36934
12   -291.36810
 4   -291.36785
 8   -291.36193
12   -291.36081
14   -291.36062
 2   -291.36013
 6   -291.35809
 2   -291.35455
12   -291.35392
10   -291.35308
 8   -291.35189
12   -291.34614
14   -291.34576
 6   -291.34320
10   -291.34309
 8   -291.34148
 4   -291.34046
 6   -291.33940
 0   -291.33880
12   -291.33746
14   -291.33692
 8   -291.33682
 2   -291.33551
12   -291.33446
 6   -291.33430
 4   -291.33114
14   -291.33076
 4   -291.32822
 8   -291.32439
10   -291.32387
 6   -291.32356
12   -291.32329
10   -291.31830
12   -291.31290
 8   -291.31259
10   -291.31256
 8   -291.31191
14   -291.31159
 4   -291.30510
 6   -291.30405
 6   -291.29680
14   -291.29567
12   -291.29555
10   -291.29530
 8   -291.29510
 2   -291.29430
 8   -291.28837
 6   -291.28662
12   -291.28608
14   -291.28587
 4   -291.28371
12   -291.28302
14   -291.28263
 4   -291.27963
10   -291.27908
 6   -291.27601
12   -291.27545
 8   -291.27420
14   -291.27132
 8   -291.27122
 0   -291.26812
14   -291.26752
 6   -291.26492
10   -291.26234
 4   -291.26176
 2   -291.26028
12   -291.25987
14   -291.25892
 6   -291.25192
14   -291.25076
12   -291.25063
 8   -291.24864
 6   -291.24663
 4   -291.24410
 8   -291.24271
10   -291.24177
 6   -291.23887
 8   -291.23854
12   -291.23702
14   -291.23631
10   -291.23129
14   -291.22506
 4   -291.22324
 8   -291.22258
 6   -291.22254
 6   -291.22035
12   -291.21941
10   -291.21813
14   -291.21610
 8   -291.21529
12   -291.21229
14   -291.20848
 2   -291.20599
 8   -291.20261
 4   -291.20069
10   -291.20056
14   -291.19483
 8   -291.19428
 6   -291.19208
 6   -291.18765
 0   -291.18374
10   -291.18353
 2   -291.18234
 8   -291.17994
14   -291.17957
 4   -291.17957
 6   -291.17365
14   -291.17288
10   -291.17146
 8   -291.17096
 6   -291.16954
 6   -291.16582
 4   -291.16266
 0   -291.15874
 4   -291.15681
14   -291.15616
 2   -291.15500
 2   -291.15456
 8   -291.15429
14   -291.14967
 4   -291.14645
 4   -291.13577
 2   -291.13576
 4   -291.13481
 6   -291.13272
 6   -291.12850
 2   -291.12270
 6   -291.11495
 6   -291.11202
 6   -291.10458
 4   -291.10411
 4   -291.09855
 2   -291.09613
 6   -291.09309
 6   -291.08623
 4   -291.08268
 6   -291.07803
 0   -291.07564
 6   -291.06999
 4   -291.06671
 2   -291.06318
 4   -291.05849
 4   -291.05564
 2   -291.04854
 6   -291.04416
 4   -291.04407
 6   -291.03473
 2   -291.02877
 2   -291.02490
 6   -291.02379
 4   -291.02286
 4   -291.01967
 4   -291.01211
 6   -291.01121
 0   -291.00524
 4   -290.99920
 2   -290.99540
 4   -290.99159
 2   -290.98877
 0   -290.98498
 4   -290.97805
 2   -290.97648
 4   -290.97035
 4   -290.96609
 2   -290.95780
 4   -290.95051
 2   -290.94662
 4   -290.93391
 2   -290.93313
 4   -290.93311
 4   -290.92286
 2   -290.92284
 0   -290.92165
 4   -290.91634
 4   -290.89449
 2   -290.88996
 4   -290.88821
 2   -290.88806
 0   -290.88610
 4   -290.88320
 4   -290.87670
 2   -290.86585
 4   -290.86407
 2   -290.86245
 4   -290.85051
 2   -290.84805
 0   -290.84525
 4   -290.84084
 4   -290.83482
 4   -290.82465
 2   -290.82145
 2   -290.81494
 2   -290.80645
 4   -290.80377
 4   -290.79459
 0   -290.78685
 2   -290.78552
 0   -290.78494
 2   -290.77344
 2   -290.75734
 2   -290.74767
 0   -290.73264
 0   -290.73041
 2   -290.70957
 2   -290.70621
 2   -290.69669
 2   -290.68256
 2   -290.67530
 0   -290.66940
 2   -290.66088
 0   -290.66052
 2   -290.65726
 2   -290.65299
 2   -290.64491
 2   -290.63470
 2   -290.62243
 2   -290.62159
 2   -290.61742
 0   -290.59875
 2   -290.59400
 2   -290.58859
 2   -290.58185
 2   -290.57952
 0   -290.56269
 2   -290.56246
 2   -290.56023
 2   -290.55268
 0   -290.54542
 0   -290.53338
 2   -290.52872
 2   -290.51894
 2   -290.51468
 2   -290.50306
 0   -290.49783
 2   -290.49033
 0   -290.48482
 2   -290.48117
 0   -290.48020
 0   -290.45144
 0   -290.42481
 0   -290.38940
 0   -290.36350
 0   -290.34742
 0   -290.33406
 0   -290.29949
 0   -290.26244
 0   -290.23610
 0   -290.21854
 0   -290.19857
 0   -290.16905
 0   -290.12247
 0   -290.11169
 0   -290.09776
 0   -290.08235
 0   -290.06170
 0   -290.04538
 0   -290.01272
 0   -290.00743
 0   -289.99365
 0   -289.96984
 0   -289.94729
 0   -289.93760
 0   -289.90883
 0   -289.89456
 0   -289.88575
 0   -289.86521
 0   -289.85912
 0   -289.84971
 0   -289.82252
 0   -289.80618
 0   -289.80066
 0   -289.78940
 0   -289.77347
 0   -289.76471
 0   -289.75842
 0   -289.74689
 0   -289.74421
 0   -289.72893
 0   -289.72336
 0   -289.70413
 0   -289.68919
 0   -289.68369
 0   -289.65789
 0   -289.65285
 0   -289.64241
 0   -289.61890
 0   -289.60747
 0   -289.59705
 0   -289.58185
