 0   -353.21878
 4   -352.33276
 4   -351.59608
 8   -351.44371
 0   -351.39366
 4   -351.31794
 2   -351.20613
 8   -351.13174
12   -351.13112
 4   -351.11055
 6   -351.06692
12   -351.02108
10   -350.96908
 0   -350.93739
 8   -350.90965
 2   -350.86604
 0   -350.82919
 8   -350.77796
 6   -350.74067
 4   -350.68064
10   -350.65517
 2   -350.64525
 4   -350.63843
 0   -350.63552
 6   -350.62403
 8   -350.61799
 8   -350.57800
 2   -350.54981
 4   -350.53030
 4   -350.52235
10   -350.50101
 4   -350.46730
12   -350.39918
 6   -350.37712
 8   -350.37523
 8   -350.31497
 4   -350.28782
12   -350.28470
 0   -350.27276
14   -350.26855
 8   -350.24777
12   -350.23346
 6   -350.21191
 4   -350.18834
10   -350.17518
 6   -350.16855
10   -350.14735
 2   -350.12927
 4   -350.12682
 6   -350.11336
 8   -350.10688
12   -350.10210
 6   -350.08410
 4   -350.07107
 8   -350.05883
14   -350.04962
10   -350.01681
 2   -350.00700
10   -350.00283
 8   -350.00093
 4   -349.98355
 2   -349.95481
 6   -349.93547
 8   -349.93259
12   -349.93226
 8   -349.90499
 4   -349.89239
12   -349.87041
 2   -349.86737
10   -349.86341
 8   -349.86203
 4   -349.83650
10   -349.83623
 6   -349.81985
 4   -349.81638
 8   -349.81119
 8   -349.79562
12   -349.79346
14   -349.78408
 2   -349.78321
 8   -349.77481
 2   -349.76156
 0   -349.75746
10   -349.74763
 6   -349.74586
 4   -349.73242
12   -349.72760
 0   -349.72135
 4   -349.71717
 6   -349.71626
 8   -349.68822
 0   -349.68380
 6   -349.68131
 2   -349.67034
10   -349.66239
 4   -349.65460
 6   -349.65227
14   -349.64837
 2   -349.64413
 8   -349.62551
10   -349.62510
 4   -349.61596
 8   -349.60788
 4   -349.59790
 6   -349.59746
 8   -349.59026
 4   -349.57692
12   -349.56700
 6   -349.56607
12   -349.55897
 4   -349.55494
 8   -349.55401
10   -349.55255
14   -349.52871
 6   -349.52826
 8   -349.51822
 6   -349.50383
10   -349.50054
12   -349.49376
 4   -349.49025
10   -349.48094
12   -349.47468
14   -349.47248
 4   -349.47085
 6   -349.46360
 8   -349.44740
 4   -349.44739
 2   -349.43968
 0   -349.43045
 8   -349.42935
 6   -349.42899
10   -349.41585
12   -349.41068
 6   -349.39295
 4   -349.38821
12   -349.38638
 8   -349.37274
 6   -349.37006
10   -349.36584
 4   -349.36398
 8   -349.35423
 2   -349.34338
 6   -349.34088
14   -349.33322
 8   -349.33318
 6   -349.32950
12   -349.31684
 8   -349.31303
 8   -349.30387
 4   -349.30331
 6   -349.29711
12   -349.29181
 4   -349.28826
10   -349.28728
 8   -349.28047
 0   -349.27994
 2   -349.27590
 6   -349.27002
 4   -349.26982
 2   -349.26330
12   -349.26284
 4   -349.26271
 6   -349.24566
 4   -349.24277
 6   -349.23346
10   -349.23244
 0   -349.23165
 4   -349.22493
 8   -349.21885
 6   -349.21269
10   -349.20219
 8   -349.19541
 4   -349.19241
 2   -349.19216
 6   -349.18292
10   -349.17439
14   -349.17205
 8   -349.17026
 2   -349.16980
 6   -349.16590
 4   -349.16281
 8   -349.16205
10   -349.15721
 0   -349.14956
12   -349.14198
 6   -349.14024
 8   -349.13953
12   -349.13868
 4   -349.13120
12   -349.12360
 6   -349.11980
 8   -349.11605
 6   -349.11406
10   -349.11005
 2   -349.10521
14   -349.10121
10   -349.09364
 8   -349.08669
 4   -349.08570
12   -349.08236
 8   -349.07984
 0   -349.07908
 6   -349.07612
 2   -349.07246
 4   -349.07008
 4   -349.06775
12   -349.06704
14   -349.06305
 8   -349.06185
10   -349.06127
 2   -349.05800
 4   -349.05670
 8   -349.04658
10   -349.04353
 6   -349.04319
12   -349.03861
10   -349.03284
14   -349.03090
 8   -349.03050
 4   -349.02669
 0   -349.02088
10   -349.01809
 2   -349.01028
 6   -349.00792
 6   -348.99858
 4   -348.99630
 4   -348.98651
 8   -348.98293
14   -348.98034
 8   -348.97712
12   -348.97455
 8   -348.97078
12   -348.96403
 2   -348.96243
 8   -348.96151
 4   -348.96009
10   -348.95860
 6   -348.95833
12   -348.95741
10   -348.95235
10   -348.94671
 6   -348.94600
14   -348.93073
 4   -348.93065
 0   -348.93022
10   -348.92978
12   -348.92975
 8   -348.92598
 2   -348.92162
 8   -348.91764
 4   -348.91606
 6   -348.91541
 6   -348.91351
 6   -348.90604
 4   -348.90238
 2   -348.90076
14   -348.89799
12   -348.89693
 6   -348.89677
12   -348.88917
 8   -348.88872
 0   -348.88370
 4   -348.87943
10   -348.87738
 8   -348.87244
14   -348.87149
 6   -348.87076
10   -348.86714
 4   -348.86234
 2   -348.85605
12   -348.85261
 6   -348.85196
10   -348.84598
12   -348.84575
 4   -348.84258
 8   -348.83998
14   -348.83929
10   -348.83531
12   -348.82961
 8   -348.82500
 4   -348.82438
 6   -348.82182
10   -348.81240
 6   -348.81227
 2   -348.80932
12   -348.80809
 8   -348.80715
14   -348.80505
 6   -348.80370
12   -348.80158
 4   -348.80132
10   -348.80081
 8   -348.79772
 2   -348.79281
10   -348.79206
 8   -348.78838
14   -348.78750
 2   -348.78508
 6   -348.78490
 4   -348.78314
10   -348.77907
 8   -348.77658
 4   -348.77656
 0   -348.76799
 6   -348.76276
10   -348.75855
 6   -348.75660
 8   -348.75407
10   -348.74593
 2   -348.74530
12   -348.74452
 6   -348.74174
 0   -348.74127
10   -348.73525
14   -348.73447
 6   -348.73303
12   -348.73288
 2   -348.73134
 8   -348.73038
12   -348.72966
 4   -348.72927
14   -348.72293
10   -348.71900
 8   -348.71654
 4   -348.71579
 6   -348.71577
10   -348.71421
 4   -348.70619
 6   -348.70438
12   -348.70336
 4   -348.69917
 8   -348.69452
 6   -348.69436
 4   -348.69379
 8   -348.69032
12   -348.68926
14   -348.68801
 2   -348.68726
10   -348.68617
 8   -348.67863
 8   -348.67107
 0   -348.67090
 6   -348.66805
10   -348.66752
 4   -348.66733
12   -348.66410
 4   -348.65968
 6   -348.65553
10   -348.65424
 8   -348.65389
 8   -348.65146
12   -348.64451
 0   -348.64380
14   -348.64330
 2   -348.63349
 0   -348.63329
10   -348.63296
 6   -348.63226
12   -348.63167
 4   -348.63022
 8   -348.62551
14   -348.62311
 6   -348.62152
 8   -348.62044
 4   -348.61812
 2   -348.61757
 4   -348.61558
10   -348.61208
 6   -348.61135
 8   -348.61073
14   -348.60480
12   -348.60437
10   -348.60275
 2   -348.59985
 6   -348.59756
 8   -348.59742
12   -348.59456
 4   -348.59076
 6   -348.58846
10   -348.58762
12   -348.58706
 8   -348.58494
 4   -348.58370
14   -348.58191
10   -348.58104
 2   -348.57999
 6   -348.57705
 4   -348.57665
 8   -348.57579
10   -348.57261
 8   -348.57187
 6   -348.56896
12   -348.56847
 0   -348.56755
 4   -348.56652
14   -348.56064
 2   -348.55998
 6   -348.55931
 8   -348.55896
10   -348.55325
12   -348.55325
 6   -348.55144
 4   -348.54975
 8   -348.54934
 6   -348.54288
 0   -348.54219
10   -348.53964
14   -348.53796
 8   -348.53655
12   -348.53335
 6   -348.53123
14   -348.52944
 4   -348.52518
10   -348.52337
 2   -348.52209
 6   -348.52029
 4   -348.51858
 8   -348.51832
 2   -348.51731
12   -348.51387
 8   -348.51219
 6   -348.51206
 4   -348.50628
 8   -348.50495
 4   -348.50054
10   -348.49931
 6   -348.49882
 6   -348.49705
12   -348.49356
 0   -348.48963
12   -348.48754
 8   -348.48634
10   -348.48518
 4   -348.48472
14   -348.48069
 4   -348.47271
 6   -348.47049
10   -348.46957
 2   -348.46912
12   -348.46892
10   -348.46515
14   -348.46492
 4   -348.46461
12   -348.46424
14   -348.45715
10   -348.45640
 6   -348.45213
14   -348.45151
 4   -348.45067
 2   -348.44970
 6   -348.44825
12   -348.44436
10   -348.44265
10   -348.44095
 4   -348.44062
14   -348.43572
 2   -348.43228
 6   -348.42582
10   -348.42409
 6   -348.42368
12   -348.42366
14   -348.41874
 0   -348.41798
12   -348.41627
10   -348.41221
 6   -348.40155
14   -348.40035
10   -348.39792
12   -348.39680
10   -348.39166
 2   -348.39098
10   -348.39079
 2   -348.38876
12   -348.38618
 0   -348.38336
10   -348.37520
14   -348.37422
12   -348.37226
14   -348.36820
10   -348.36740
 2   -348.36504
10   -348.36404
12   -348.36361
14   -348.35103
 2   -348.35091
 0   -348.34745
10   -348.34678
12   -348.34676
10   -348.34197
14   -348.33986
12   -348.33764
 2   -348.33700
12   -348.33515
10   -348.33151
10   -348.32824
 2   -348.32661
14   -348.32331
12   -348.31387
10   -348.31083
14   -348.30750
 2   -348.30658
 0   -348.30324
12   -348.30250
10   -348.30179
14   -348.30086
 2   -348.29831
12   -348.29795
10   -348.29109
12   -348.28928
 2   -348.28550
 0   -348.28448
14   -348.28146
 2   -348.28038
12   -348.27733
10   -348.26909
14   -348.26656
12   -348.26144
 0   -348.25275
12   -348.25072
14   -348.24941
 2   -348.24398
14   -348.23551
12   -348.23522
12   -348.22886
 0   -348.22700
12   -348.22185
 2   -348.22054
14   -348.21868
 2   -348.21694
12   -348.21371
 0   -348.21268
12   -348.20558
14   -348.20400
 2   -348.19977
14   -348.19972
12   -348.19612
14   -348.18672
12   -348.18471
 2   -348.17915
12   -348.17759
 0   -348.16874
 2   -348.16763
 0   -348.16465
 2   -348.15823
14   -348.15738
14   -348.15137
14   -348.13914
 2   -348.13613
 2   -348.13206
14   -348.12779
14   -348.12684
14   -348.11023
14   -348.10076
 2   -348.09627
 2   -348.09145
 0   -348.09123
14   -348.08991
 2   -348.07516
14   -348.06599
14   -348.05954
 2   -348.05494
14   -348.05226
 2   -348.05118
 0   -348.05068
14   -348.03816
14   -348.03051
 2   -348.02926
 0   -348.02374
 2   -348.02193
 2   -348.01468
14   -348.01416
 0   -348.01005
14   -348.00641
 2   -348.00238
 2   -347.98991
14   -347.98797
14   -347.97736
 0   -347.97636
 2   -347.97030
14   -347.96956
 0   -347.96548
14   -347.96525
14   -347.96049
 0   -347.95253
 2   -347.95206
14   -347.95191
14   -347.94135
14   -347.93705
 2   -347.93688
 2   -347.92000
14   -347.91349
14   -347.90585
 0   -347.89583
 2   -347.89397
14   -347.89347
 2   -347.89161
 0   -347.88780
14   -347.88365
 0   -347.88093
 2   -347.87509
14   -347.87354
14   -347.85717
 2   -347.85621
 2   -347.84027
14   -347.83990
 0   -347.81407
 0   -347.80927
 0   -347.72659
 0   -347.72053
 0   -347.69551
 0   -347.68567
 0   -347.64554
 0   -347.62491
 0   -347.58811
 0   -347.58783
 0   -347.58140
 0   -347.56580
 0   -347.55228
 0   -347.51996
 0   -347.48680
 0   -347.46216
 0   -347.44762
 0   -347.42887
 0   -347.42131
 0   -347.39989
 0   -347.38923
 0   -347.35248
 0   -347.33643
 0   -347.32062
 0   -347.31625
 0   -347.30596
 0   -347.27608
 0   -347.27118
 0   -347.24398
 0   -347.23107
 0   -347.21245
 0   -347.19877
 0   -347.18204
 0   -347.15330
 0   -347.14636
