14   -351.15825
10   -350.88591
 8   -350.85942
12   -350.52502
10   -350.33609
12   -350.27896
 6   -349.94782
12   -349.83961
14   -349.83030
 6   -349.78757
 8   -349.74704
 4   -349.69461
 8   -349.67199
 6   -349.66342
12   -349.64610
14   -349.64030
10   -349.61112
10   -349.58976
10   -349.54549
 4   -349.53712
 8   -349.52661
12   -349.52182
14   -349.50250
10   -349.45021
12   -349.43321
12   -349.42357
12   -349.37775
10   -349.35718
14   -349.34511
 6   -349.34063
 8   -349.33125
 6   -349.29092
12   -349.29027
10   -349.28964
14   -349.28878
 8   -349.28839
10   -349.27222
14   -349.26807
14   -349.24428
10   -349.22484
 8   -349.22023
14   -349.21837
 4   -349.20723
 6   -349.20658
 2   -349.18725
12   -349.18212
10   -349.17242
14   -349.16402
12   -349.15701
 6   -349.15032
 4   -349.14810
 6   -349.14488
 8   -349.14207
12   -349.13974
10   -349.13436
 8   -349.12412
14   -349.12405
12   -349.11920
14   -349.11410
 8   -349.10559
12   -349.10493
14   -349.09924
 6   -349.09035
10   -349.08631
12   -349.07806
10   -349.07142
14   -349.06875
 6   -349.06459
10   -349.06383
 8   -349.06364
 8   -349.05360
10   -349.05140
 8   -349.04241
 4   -349.03664
12   -349.03124
 4   -349.03012
14   -349.02580
 6   -349.02292
 8   -349.02010
10   -349.01915
 6   -349.01061
 4   -349.00872
10   -349.00862
14   -349.00826
 2   -348.99697
12   -348.99564
10   -348.99529
14   -348.99132
 8   -348.98516
 6   -348.97981
14   -348.96785
 4   -348.96469
 6   -348.96169
10   -348.95387
12   -348.95347
14   -348.95044
 6   -348.94641
 8   -348.94440
12   -348.93874
 8   -348.93636
10   -348.92975
 4   -348.92774
14   -348.92645
14   -348.92282
 6   -348.92084
10   -348.91759
 8   -348.91381
12   -348.91371
 2   -348.90743
10   -348.90561
14   -348.90363
 0   -348.88998
 6   -348.88994
12   -348.88952
14   -348.88812
 4   -348.88785
12   -348.88730
 8   -348.88570
10   -348.88488
 2   -348.88158
12   -348.87656
 8   -348.87328
 8   -348.86440
10   -348.86074
 6   -348.85767
14   -348.85047
12   -348.84722
 6   -348.84314
 8   -348.83237
 0   -348.82009
 4   -348.81900
12   -348.81400
 2   -348.81282
12   -348.81014
14   -348.80981
 6   -348.80865
 4   -348.80801
14   -348.80527
10   -348.80344
 8   -348.80031
 4   -348.79533
10   -348.79478
 8   -348.78870
12   -348.78754
 2   -348.78449
 6   -348.78351
10   -348.77842
 0   -348.77430
 4   -348.77399
12   -348.77214
14   -348.76874
10   -348.76799
10   -348.76686
12   -348.76675
 8   -348.76382
 8   -348.76027
 6   -348.75768
 8   -348.75430
 2   -348.75217
10   -348.74989
12   -348.74695
 6   -348.74545
12   -348.73653
14   -348.73481
 4   -348.72539
 6   -348.72290
 8   -348.71909
12   -348.71475
10   -348.71262
14   -348.70957
 2   -348.70755
10   -348.70683
14   -348.70225
12   -348.68204
10   -348.68117
 4   -348.67962
 8   -348.67923
 8   -348.67772
10   -348.67135
12   -348.66670
 2   -348.66486
 8   -348.66471
12   -348.66444
 4   -348.65915
14   -348.65097
10   -348.65093
 8   -348.64448
 6   -348.64401
14   -348.64031
12   -348.63774
 8   -348.63596
 4   -348.63341
12   -348.63238
 0   -348.62882
10   -348.62678
 6   -348.62398
12   -348.61608
 8   -348.61318
 6   -348.61090
14   -348.61046
10   -348.60991
 4   -348.60041
 2   -348.59812
14   -348.59642
 8   -348.59573
10   -348.59442
 6   -348.59167
12   -348.58840
 8   -348.58429
10   -348.57869
14   -348.57738
12   -348.57117
 6   -348.57027
 2   -348.56920
12   -348.56640
 4   -348.56603
14   -348.56282
10   -348.56005
14   -348.55881
10   -348.55587
 8   -348.54979
 8   -348.54875
 6   -348.54183
12   -348.53827
14   -348.53709
 4   -348.53669
 6   -348.53493
14   -348.53061
10   -348.52854
10   -348.52365
 6   -348.52345
 8   -348.52215
12   -348.51924
 2   -348.51891
 8   -348.51313
10   -348.51222
 0   -348.51184
12   -348.51111
14   -348.50751
12   -348.50219
 2   -348.50087
 4   -348.50014
 6   -348.49771
10   -348.49636
14   -348.49476
10   -348.49306
 4   -348.49304
12   -348.48806
14   -348.48795
 8   -348.48646
 6   -348.48137
 8   -348.48113
10   -348.47607
14   -348.47532
 2   -348.47465
 6   -348.47358
 8   -348.47240
12   -348.47140
 4   -348.47048
14   -348.46706
10   -348.46661
 0   -348.46618
10   -348.46087
 2   -348.45955
 6   -348.45662
12   -348.45259
 8   -348.45238
10   -348.45204
12   -348.44747
 8   -348.44459
 4   -348.44372
 4   -348.44189
10   -348.43905
 6   -348.43410
14   -348.43287
14   -348.43103
 8   -348.42883
10   -348.42610
12   -348.42217
 8   -348.41939
 6   -348.41927
12   -348.41903
10   -348.41039
12   -348.40912
 4   -348.40680
 8   -348.40413
14   -348.40138
 4   -348.39529
12   -348.39229
14   -348.39074
10   -348.38870
 6   -348.38816
12   -348.38640
10   -348.38437
 8   -348.38266
 6   -348.38038
12   -348.37553
14   -348.37316
 8   -348.37308
 8   -348.37275
10   -348.37057
14   -348.37027
 4   -348.36614
12   -348.36493
 6   -348.36296
 2   -348.36206
14   -348.35988
 6   -348.35774
10   -348.35539
 8   -348.35081
 2   -348.35061
12   -348.34766
12   -348.34666
 4   -348.34265
14   -348.33998
 4   -348.33612
 6   -348.33567
 8   -348.33515
10   -348.33469
10   -348.32921
14   -348.32843
 6   -348.32686
 8   -348.32548
12   -348.32420
 2   -348.32361
 4   -348.31676
12   -348.31495
14   -348.31492
 2   -348.31439
 6   -348.31385
 8   -348.31063
10   -348.30964
 8   -348.30469
14   -348.30340
12   -348.30228
10   -348.30110
 6   -348.29849
 8   -348.29257
12   -348.29151
14   -348.29088
10   -348.28841
12   -348.28749
 4   -348.28746
 6   -348.28681
14   -348.28244
 8   -348.28065
10   -348.28003
 8   -348.27324
14   -348.27227
 6   -348.26718
 2   -348.26701
 6   -348.26476
12   -348.26424
 4   -348.26415
 8   -348.26351
10   -348.26317
14   -348.25940
10   -348.25693
12   -348.25629
 6   -348.25568
 8   -348.25161
14   -348.25073
10   -348.24969
12   -348.24841
10   -348.24697
 8   -348.24563
 6   -348.23875
14   -348.23825
 4   -348.23637
12   -348.23619
 8   -348.23522
10   -348.23482
14   -348.23278
10   -348.22952
 6   -348.22849
 8   -348.22764
10   -348.22366
14   -348.22290
12   -348.22254
12   -348.21914
 6   -348.21648
 8   -348.21592
 4   -348.21408
10   -348.21025
14   -348.20886
 6   -348.20666
12   -348.20517
 8   -348.20276
 4   -348.20262
14   -348.20230
 2   -348.20062
12   -348.20016
14   -348.19522
 8   -348.19503
10   -348.19328
 0   -348.19166
 2   -348.19104
 6   -348.19022
12   -348.18925
10   -348.18763
 8   -348.18739
 2   -348.18303
12   -348.17832
 8   -348.17798
10   -348.17534
 6   -348.17377
14   -348.17123
 4   -348.17027
10   -348.16864
12   -348.16757
 6   -348.16443
 2   -348.16142
 8   -348.16021
10   -348.15959
14   -348.15490
12   -348.15421
 8   -348.14986
12   -348.14947
10   -348.14918
 4   -348.14877
 4   -348.14555
 0   -348.14507
14   -348.14357
10   -348.14329
12   -348.14072
 2   -348.13831
 4   -348.13816
14   -348.13731
 0   -348.13510
14   -348.13000
 8   -348.12967
10   -348.12895
 6   -348.12816
 4   -348.12542
 8   -348.12321
12   -348.12314
14   -348.12293
 8   -348.12112
 4   -348.12078
 6   -348.11611
14   -348.11449
 6   -348.11231
12   -348.10875
 8   -348.10716
14   -348.10618
 6   -348.10135
12   -348.09872
 2   -348.09831
 4   -348.09645
14   -348.09580
 8   -348.09087
 8   -348.09012
14   -348.09007
 6   -348.08739
 4   -348.08204
14   -348.07795
14   -348.07432
 6   -348.07365
 8   -348.06912
14   -348.05970
 8   -348.05799
 4   -348.05665
14   -348.05275
 6   -348.05079
 2   -348.04738
 4   -348.04661
 2   -348.04510
 8   -348.04434
 6   -348.04292
 4   -348.03993
 6   -348.03923
 6   -348.03711
 2   -348.03162
 6   -348.03095
 6   -348.02090
 4   -348.01846
 4   -348.01460
 2   -348.00390
 6   -348.00085
 4   -347.99953
 6   -347.99504
 6   -347.98781
 6   -347.98598
 4   -347.97881
 0   -347.97647
 6   -347.96821
 4   -347.96489
 2   -347.96476
 4   -347.96150
 6   -347.95799
 2   -347.94737
 4   -347.94494
 6   -347.93825
 0   -347.93733
 4   -347.92737
 2   -347.92553
 6   -347.92448
 6   -347.92223
 2   -347.91481
 4   -347.91284
 6   -347.90898
 4   -347.90866
 2   -347.90445
 2   -347.89706
 6   -347.89525
 4   -347.89100
 0   -347.88398
 4   -347.87844
 0   -347.86620
 2   -347.86547
 4   -347.86306
 4   -347.85665
 2   -347.85362
 4   -347.83928
 2   -347.83574
 4   -347.83223
 4   -347.82275
 2   -347.82260
 4   -347.81925
 2   -347.81525
 4   -347.81379
 0   -347.80665
 4   -347.79902
 4   -347.79042
 0   -347.79009
 2   -347.78956
 2   -347.78674
 4   -347.78219
 2   -347.77860
 4   -347.77468
 2   -347.75712
 4   -347.75528
 2   -347.75293
 4   -347.74835
 4   -347.74203
 0   -347.73789
 2   -347.73577
 4   -347.73409
 2   -347.72723
 4   -347.72417
 4   -347.71533
 2   -347.71437
 4   -347.70207
 2   -347.70052
 4   -347.69691
 4   -347.69003
 0   -347.68710
 2   -347.68325
 2   -347.66766
 0   -347.66426
 0   -347.65771
 2   -347.64839
 2   -347.64060
 2   -347.63040
 2   -347.61179
 2   -347.60917
 0   -347.59679
 2   -347.58648
 0   -347.58265
 2   -347.56988
 2   -347.55788
 2   -347.55179
 2   -347.54414
 2   -347.53804
 0   -347.53628
 2   -347.52436
 2   -347.50746
 2   -347.49923
 2   -347.49556
 2   -347.48773
 2   -347.48210
 0   -347.48158
 2   -347.46983
 0   -347.45777
 2   -347.45105
 2   -347.44239
 0   -347.43945
 2   -347.43350
 2   -347.42442
 0   -347.41161
 2   -347.40438
 2   -347.39425
 2   -347.37829
 2   -347.36769
 0   -347.36478
 0   -347.34715
 2   -347.34610
 2   -347.33729
 0   -347.31100
 0   -347.30310
 0   -347.27589
 0   -347.25724
 0   -347.24254
 0   -347.19530
 0   -347.18526
 0   -347.15189
 0   -347.14327
 0   -347.13554
 0   -347.10459
 0   -347.08863
 0   -347.05812
 0   -347.05332
 0   -347.03449
 0   -347.02106
 0   -347.01150
 0   -346.98690
 0   -346.95702
 0   -346.92971
 0   -346.90797
 0   -346.89489
 0   -346.87373
 0   -346.83445
 0   -346.80657
 0   -346.79274
 0   -346.78525
 0   -346.76657
 0   -346.74025
 0   -346.73516
 0   -346.72475
 0   -346.70263
 0   -346.69719
 0   -346.66748
 0   -346.66137
 0   -346.65026
 0   -346.63403
 0   -346.62077
 0   -346.60972
 0   -346.60042
 0   -346.58077
 0   -346.57419
 0   -346.55764
 0   -346.55153
 0   -346.52815
 0   -346.51381
 0   -346.49117
 0   -346.48667
 0   -346.47120
 0   -346.46143
 0   -346.44233
 0   -346.41774
